00000000000000000000000010000010
00000000000000000000000010110100
00000000000000000000000001111010
00000000000000000000000001101111
00000000000000000000000010111110
00000000000000000000000011000101
00000000000000000000000010110011
00000000000000000000000010011000
00000000000000000000000010001001
00000000000000000000000001110111
00000000000000000000000011001010
00000000000000000000000001010100
00000000000000000000000001101111
00000000000000000000000000011011
00000000000000000000000000110010
00000000000000000000000000000100
