00000000000000000000000010010001
00000000000000000000000000001010
00000000000000000000000010101010
00000000000000000000000000001101
00000000000000000000000010100100
00000000000000000000000011011110
00000000000000000000000000101000
00000000000000000000000011010001
00000000000000000000000010101101
00000000000000000000000001111111
00000000000000000000000000010011
00000000000000000000000000010000
00000000000000000000000010001011
00000000000000000000000001101110
00000000000000000000000011101110
00000000000000000000000010101011
